2013-06-26-14-24
-24.0
-17.7
0.0
3.5
8
20
[  1.95056236e-01   7.73877690e-03  -7.15595217e-02  -1.81361443e+01
   9.31863157e-02]
[  2.80582311e-01   9.36542397e-03   6.01024263e-02  -1.85176941e+01
   5.95825808e-03]
[ -133.86302376   -21.3917122   1882.7245762    -26.35253932    88.05341645]
[ -1.06453416e+03  -6.04263728e+02   6.46875279e+04  -2.17657923e+01
   1.07045272e+02]
[  9.82810651e-01  -2.00956281e+01   5.50998628e+03]
[  8.50609542e-01  -2.02431679e+01   5.15402510e+03]
weird sigma fit in red