FIT VALUES

raw: 

2013-06-26-14-14
-24.0
-17.7
0.0
3.5
8
20
[  2.74897315e-01   7.89628467e-03  -7.95081046e-02  -1.91637221e+01
   1.43327026e+00]
[  1.67923379e-01   7.83912105e-03   2.82305304e-02  -2.04355295e+01
   5.56833785e-01]
[  1.74365611   0.05450772  -0.66225626 -20.1019889    2.30354383]
[  2.25688164   0.02299202  -0.41087551 -18.699171     2.31864816]
[  1.02898304e+00  -1.97666202e+01   1.24224495e+04]
[  9.18937206e-01  -2.03694223e+01   1.93111105e+04]

-----

spiral:
flags:

2013-07-02-11-34
-24.0
-17.7
0.0
3.5
8
20
[  1.93129471e-01   1.69979701e-02  -9.25288784e-02  -1.87343737e+01
   1.17012199e+00]
[  3.90217378e-01   1.31105154e-04   1.93159039e-01  -1.77870809e+01
   1.81704188e+00]
[  1.64826016  -0.02281381  -0.23137158 -19.57631263   1.45507524]
[ -1.05950172e+03  -5.40749753e+02   5.83842893e+04  -2.19638844e+01
   1.07961570e+02]
[  1.01420809e+00  -2.00746993e+01   5.39469193e+03]
[  8.61764934e-01  -2.02293547e+01   5.14426761e+03]

debiased:

2013-06-26-14-37
-24.0
-17.7
0.0
3.5
8
20
[  2.40398872e-01   1.66945095e-02  -7.01276087e-02  -1.91199349e+01
   1.11732461e+00]
[  2.06702297e-01   5.21059308e-04   3.39683705e-02  -2.01382112e+01
   6.38237911e-01]
[  1.66871271e+00   4.22482484e-03  -3.58779526e-01  -1.98783474e+01
   1.76598372e+00]
[  2.27285785e+00   8.46833247e-03  -2.67757280e-01  -1.91342259e+01
   1.16892640e+00]
[  1.04140160e+00  -1.97778967e+01   8.84418521e+03]
[  8.79843241e-01  -2.02385229e+01   8.14722650e+03]

-----

elliptical:
flags:

REDO USING SINGLE FIT

debiased:

2013-06-26-14-14
-24.0
-17.7
0.0
3.5
8
20
[  2.74897315e-01   7.89628467e-03  -7.95081046e-02  -1.91637221e+01
   1.43327026e+00]
[  1.67923379e-01   7.83912105e-03   2.82305304e-02  -2.04355295e+01
   5.56833785e-01]
[  1.74365611   0.05450772  -0.66225626 -20.1019889    2.30354383]
[  2.25688164   0.02299202  -0.41087551 -18.699171     2.31864816]
[  1.02898304e+00  -1.97666202e+01   1.24224495e+04]
[  9.18937206e-01  -2.03694223e+01   1.93111105e+04]

uncertain:
flags:
