2013-06-26-14-37
-24.0
-17.7
0.0
3.5
8
20
[  2.40398872e-01   1.66945095e-02  -7.01276087e-02  -1.91199349e+01
   1.11732461e+00]
[  2.06702297e-01   5.21059308e-04   3.39683705e-02  -2.01382112e+01
   6.38237911e-01]
[  1.66871271e+00   4.22482484e-03  -3.58779526e-01  -1.98783474e+01
   1.76598372e+00]
[  2.27285785e+00   8.46833247e-03  -2.67757280e-01  -1.91342259e+01
   1.16892640e+00]
[  1.04140160e+00  -1.97778967e+01   8.84418521e+03]
[  8.79843241e-01  -2.02385229e+01   8.14722650e+03]
striking end behavior in blue sigma, compared to Baldry.  Ask Kyle.