2013-06-26-14-29
-24.0
-17.7
0.0
3.5
8
20
[  3.50262990e-01  -1.30206773e-04   9.23734693e-02  -1.96635566e+01
   4.54374656e-02]
[  1.35829987e-01  -7.42769161e-04   2.74075004e-02  -2.04449397e+01
   4.40451839e-02]
[  1.81290728e+00  -7.25384380e-03  -4.73386569e-01  -1.89933224e+01
   6.50701793e-01]
[  2.60228933   0.37949411  -2.35770301 -20.33458451   5.13532729]
[   0.85203724  -21.10126632  264.97370866]
[  8.51029328e-01  -2.13833727e+01   3.09677818e+03]
accurate fit in red, blue population next to nonexistent