2013-06-27-10-45
-24.0
-17.7
0.0
3.5
8
20
[  3.50261900e-01  -1.29927037e-04   9.23719923e-02  -1.96660602e+01
   2.35356633e-02]
[  1.35829755e-01  -7.42857959e-04   2.74074583e-02  -2.04448176e+01
   4.45220812e-02]
[  1.81291304e+00  -7.25409987e-03  -4.73380260e-01  -1.89933403e+01
   6.50683408e-01]
[  2.60228729   0.37948066  -2.3575867  -20.33458996   5.13522384]
[   0.8520378   -21.10126636  264.97375694]
[  8.51029035e-01  -2.13833727e+01   3.09677950e+03]
great separation, consider using a single gaussian