2013-06-26-14-26
-24.0
-17.7
0.0
3.5
8
20
[  3.50912452e-01  -1.14616056e-04   9.30008947e-02  -1.96663431e+01
   1.99490773e-02]
[  1.42468487e-01   1.30966840e-03   2.98942645e-02  -2.02588944e+01
   4.52700267e-01]
[  1.80458686e+00  -1.58958981e-03  -4.85081889e-01  -1.90675860e+01
   6.76046187e-01]
[  2.55664905   0.34681844  -2.20401217 -20.25501889   5.15402795]
[   0.84606568  -21.10788179  257.21641275]
[  8.58819785e-01  -2.13868795e+01   3.06811274e+03]
unsuccessful fit in bin 7, forgot to switch guess; otherwise, very good morphology separation